Phuong trinh co 2 nghiem phan biet:
x1 = -0.279241
x2 = -2.387426